1403636579763555584.000000 0.000000000 0.000000000 0.000000000 -0.000000000 -0.000000000 -0.000000000 1.000000000
1403636580063555584.000000 -0.001349990 0.131122828 0.040686332 -0.020742940 0.005931940 -0.000540420 0.999767125
1403636580113555456.000000 -0.001744077 0.156117439 0.047979817 -0.023277594 0.005598456 0.001669385 0.999711990
1403636580563555584.000000 -0.008491674 0.297724009 0.075666912 -0.070731573 0.002143290 -0.001683249 0.997491658
1403636580863555584.000000 -0.011701057 0.139243931 0.039953619 -0.049154557 0.012356617 -0.012724523 0.998633683
1403636581063555584.000000 -0.018266160 -0.007835887 0.008285314 -0.020272329 0.019317327 -0.019293470 0.999421656
1403636581213555456.000000 -0.018426726 -0.092605621 -0.010706934 0.002440208 0.020792255 -0.013738860 0.999686420
1403636582213555456.000000 -0.001982638 0.261279702 0.067740344 -0.058894090 0.018572906 -0.010302007 0.998038292
1403636584063555584.000000 0.013102636 0.276131332 0.073942579 -0.064065158 0.023489607 -0.012557597 0.997590244
1403636584863555584.000000 -0.000630241 -0.156513125 -0.017264385 0.013715380 0.046085071 -0.017066486 0.998697579
1403636586413555456.000000 0.005196976 0.109053433 -0.024699457 -0.176837638 0.044414762 0.015545448 0.983114481
1403636587663555584.000000 0.159343079 0.085194156 -0.003869744 -0.195644245 0.034665558 0.017474217 0.979906261
1403636588213555456.000000 0.334294140 0.086307541 0.013713112 -0.205496758 0.065808453 0.031611711 0.975930870
1403636589563555584.000000 -0.052021347 0.092269048 -0.035554372 -0.194391102 0.021555509 0.014526471 0.980579674
1403636589763555584.000000 -0.146029204 0.099791303 -0.042736392 -0.191758990 0.014506742 0.011431834 0.981268227
1403636589963555584.000000 -0.220905289 0.112442970 -0.047386024 -0.201941147 -0.002793180 0.009369385 0.979348838
1403636592163555584.000000 0.232116640 0.103199303 0.044297636 -0.150078118 0.098272704 0.038822196 0.983011663
1403636592563555584.000000 0.243658036 0.069591016 0.149043515 -0.162771240 0.077337109 0.041446190 0.982754648
1403636592813555456.000000 0.176406235 0.051007874 0.216571301 -0.151984289 0.026228851 0.018284069 0.987865686
1403636592963555584.000000 0.099946141 0.051148012 0.228182405 -0.159668475 -0.017350607 0.009166060 0.986975670
1403636593113555456.000000 0.009336865 0.059150301 0.207118616 -0.167303905 -0.058837216 -0.003315703 0.984142542
1403636593313555456.000000 -0.105161168 0.080162652 0.139781028 -0.170982063 -0.103060819 -0.004088735 0.979860663
1403636593513555456.000000 -0.162376657 0.112909660 0.051644020 -0.178553194 -0.105995663 -0.007063097 0.978178859
1403636593713555456.000000 -0.149510726 0.152579531 -0.030388180 -0.192667335 -0.078598574 0.009243090 0.978067577
1403636593863555584.000000 -0.099719070 0.174231455 -0.079004504 -0.195293382 -0.030229321 0.030019514 0.979819119
1403636593963555584.000000 -0.052010763 0.181542769 -0.103951186 -0.185205013 0.009168744 0.044759911 0.981637239
1403636594213555456.000000 0.087505788 0.181116804 -0.114419781 -0.172810510 0.098588966 0.071782134 0.977376103
1403636594563555584.000000 0.272311181 0.143408388 0.006835363 -0.156443655 0.141532898 0.064081803 0.975390911
1403636594863555584.000000 0.262496948 0.107939191 0.134129658 -0.139704585 0.108411856 0.054007273 0.982757688
1403636595063555584.000000 0.131627098 0.102758817 0.172282428 -0.136033982 0.038917888 0.024014939 0.989648163
1403636595213555456.000000 0.013568928 0.112262331 0.168804511 -0.144034252 -0.019107128 0.008176445 0.989354491
1403636595363555584.000000 -0.071226850 0.129049212 0.143373355 -0.150939733 -0.063468225 -0.003581281 0.986496925
1403636595513555456.000000 -0.104629755 0.144606099 0.099700421 -0.155921236 -0.079208322 -0.006800007 0.984565079
1403636595813555456.000000 -0.007915357 0.181636423 0.013839750 -0.164728746 -0.044106923 -0.008421382 0.985316277
1403636595963555584.000000 0.076290324 0.200633183 -0.021078965 -0.165639400 0.003523882 0.001534773 0.986178935
1403636596113555456.000000 0.135200366 0.219043583 -0.063154876 -0.171906680 0.046788774 0.014725480 0.983891308
1403636596563555584.000000 0.031125624 0.232661456 -0.224582866 -0.157759726 0.063844889 0.021743407 0.985171556
1403636597613555456.000000 0.052043784 0.108937919 0.139595106 -0.158209398 -0.021809818 -0.027314456 0.986786783
1403636598463555584.000000 -0.009577701 0.223784938 -0.019727590 -0.187985942 -0.056923799 -0.057469867 0.978835106
1403636598813555456.000000 0.026047144 0.241322532 0.090280682 -0.133077651 -0.085930876 -0.053705443 0.985911727
1403636598963555584.000000 0.037953444 0.259447455 0.143778354 -0.101357497 -0.091350071 -0.050019622 0.989383578
1403636599113555456.000000 0.045285545 0.277806401 0.182633862 -0.075376496 -0.098579422 -0.045293450 0.991236091
1403636599163555584.000000 0.046609826 0.280975580 0.191172630 -0.062957734 -0.103156298 -0.042079348 0.991778433
1403636599213555456.000000 0.047824889 0.283594221 0.200544953 -0.046538707 -0.103774503 -0.041276842 0.992653668
1403636599313555456.000000 0.048911057 0.286622405 0.216126725 -0.017635778 -0.104155868 -0.035038508 0.993787110
1403636599613555456.000000 0.052170288 0.305352986 0.249563843 -0.007423967 -0.085414700 -0.031630453 0.995815635
1403636600013555456.000000 0.058226548 0.313232332 0.253952503 0.015777202 -0.083333269 -0.025086416 0.996080995
1403636624413555456.000000 0.064574413 0.314465314 0.251076937 0.007550612 -0.078567952 -0.019504985 0.996689379
1403636624613555456.000000 0.078264743 0.316759735 0.242723212 -0.005825107 -0.071767524 -0.021566501 0.997171223
1403636624913555456.000000 0.120435856 0.323227495 0.214830905 -0.013720627 -0.061435565 -0.052882649 0.996614695
1403636625063555584.000000 0.140893891 0.308176875 0.188093588 -0.031869356 -0.056599308 -0.069964871 0.995432496
1403636627763555584.000000 0.225618303 -0.050996993 0.114051983 -0.022969846 -0.060372554 -0.042403039 0.997010291
1403636629213555456.000000 0.484500110 -0.210125118 0.200979248 -0.027435239 0.011598343 -0.020637542 0.999343216
1403636629763555584.000000 0.664322138 -0.221569583 0.314086676 -0.029695652 0.080429502 0.015143709 0.996202767
1403636630013555456.000000 0.773778319 -0.193478793 0.390582561 -0.037291449 0.129901618 0.028072907 0.990427613
1403636630213555456.000000 0.865092933 -0.209157810 0.467340082 -0.016524497 0.149872646 0.031228293 0.988073885
1403636630413555456.000000 0.955387771 -0.250611156 0.533488810 -0.008655823 0.156876743 0.031323109 0.987083435
1403636631013555456.000000 1.204673052 -0.389389873 0.726928771 -0.017766491 0.145032108 0.025996448 0.988925815
1403636632063555584.000000 1.570726395 -0.450581789 1.161607623 -0.012603602 0.139525473 0.013423236 0.990047276
1403636633363555584.000000 1.816441536 -0.539152682 1.736094475 -0.022335354 0.026476370 -0.019416248 0.999211311
1403636634513555456.000000 2.096036673 -0.744240046 2.459385395 -0.010108076 0.032865278 -0.014695184 0.999300659
1403636635413555456.000000 2.319693089 -0.930151284 3.047762156 -0.027403999 -0.008818468 -0.025668321 0.999255955
1403636636063555584.000000 2.482334852 -1.195410252 3.474571943 -0.029154461 -0.009140647 -0.009386048 0.999489069
1403636636663555584.000000 2.694174767 -1.512012243 3.863158464 0.013086334 0.002758335 -0.046348430 0.998835802
1403636638013555456.000000 2.800077915 -1.765796661 4.461185455 -0.010782614 -0.015172910 -0.034011085 0.999248147
1403636639163555584.000000 2.880937576 -1.931008339 5.064037323 -0.022643685 -0.029397523 -0.004223055 0.999302387
1403636639913555456.000000 3.101928949 -1.954913259 5.619563103 -0.003296833 -0.022136176 -0.033064786 0.999202609
1403636640963555584.000000 3.336842537 -2.122756004 6.155091286 -0.009819752 -0.058592446 -0.052726079 0.996840239
1403636643763555584.000000 3.760028124 -2.316306114 6.804507256 -0.037123796 -0.002467149 -0.024074297 0.999017596
1403636645063555584.000000 4.133038998 -2.343590498 7.464869499 -0.024391131 0.001768422 -0.026073081 0.999360919
1403636645963555584.000000 4.468567371 -2.462446451 8.117679596 -0.031965464 0.005414786 -0.021510888 0.999242783
1403636646463555584.000000 4.689110756 -2.680040121 8.551350594 0.007529479 0.097706452 0.029707974 0.994743288
1403636647063555584.000000 4.990759850 -2.941147089 8.918654442 0.002364769 0.157424673 0.030548351 0.987055600
1403636648163555584.000000 5.553307056 -3.131293058 9.303918839 0.007017508 0.203827187 0.051594742 0.977621257
1403636650063555584.000000 6.498830795 -3.390410423 9.225789070 0.015161058 0.363715470 0.094187044 0.926612139
1403636652163555584.000000 6.756558418 -3.134064913 8.571737289 0.022203460 0.544010818 0.164752290 0.822445154
1403636652663555584.000000 6.719569206 -2.951610088 8.342182159 -0.016512992 0.642021954 0.223691002 0.733142197
1403636654013555456.000000 6.910119534 -2.825383186 7.715364456 0.010925385 0.640481234 0.185623363 0.745123088
1403636655013555456.000000 6.810901642 -2.725686550 7.324051857 0.004916624 0.717891753 0.220587030 0.660264075
1403636655913555456.000000 6.539522648 -2.514433384 7.072395802 0.012403060 0.764334321 0.261040181 0.589488983
1403636656463555584.000000 6.335654259 -2.386474371 6.846483231 0.004036650 0.793212712 0.272859007 0.544376135
1403636657463555584.000000 5.970299244 -2.229752779 6.377132416 0.024212604 0.787954450 0.260308295 0.557477474
1403636658363555584.000000 5.500381947 -1.938371420 5.870211601 -0.000345465 0.795033991 0.269934416 0.543190897
1403636659263555584.000000 5.212700367 -1.587227583 5.370719433 0.006117795 0.806865811 0.242704466 0.538539410
1403636660213555456.000000 4.965069294 -1.254084349 5.149883747 -0.016826356 0.802294910 0.268580735 0.532826543
1403636661463555584.000000 5.100844383 -0.815932810 5.247061253 0.000536874 0.809973657 0.242173925 0.534129381
1403636663363555584.000000 5.013322830 -0.835083961 5.762466908 -0.014323667 0.798668742 0.285665810 0.529450774
1403636664713555456.000000 5.670371532 -0.684725761 6.102351189 0.007343295 0.796332061 0.239772424 0.555257261
1403636666213555456.000000 6.471121311 -1.079904199 6.896652222 0.014419930 0.791546345 0.245137200 0.559601843
1403636667813555456.000000 6.990982533 -1.306539893 7.572302818 0.002261417 0.776163280 0.266236156 0.571562469
1403636669013555456.000000 7.515160084 -1.266391754 7.959498405 -0.015161628 0.799152732 0.233668193 0.553646326
1403636669713555456.000000 7.818548203 -1.347316265 8.371094704 0.017533157 0.804533005 0.216985002 0.552572906
1403636671813555456.000000 6.488231659 -1.420521021 7.436758041 -0.045520164 0.570663750 0.204359725 0.794045269
1403636673313555456.000000 6.169056416 -1.241068482 6.406836987 -0.056765109 0.531198859 0.167619750 0.828558445
1403636675813555456.000000 7.071842194 -1.349598408 7.557118416 -0.003852590 0.441881031 0.101743281 0.891276956
1403636676463555584.000000 7.343495369 -1.346684456 8.065939903 -0.030188527 0.313970715 0.047619674 0.947757065
1403636677563555584.000000 7.589652538 -1.528005838 8.985927582 0.020997440 0.210941255 0.026078351 0.976925194
1403636678513555456.000000 7.631579876 -1.724118471 9.418009758 -0.011432130 0.019437473 -0.016909145 0.999602735
1403636679763555584.000000 7.530810356 -1.876177549 9.706573486 -0.005410435 -0.243996367 -0.105759539 0.963976920
1403636681863555584.000000 6.733199596 -1.847088099 8.961381912 0.001718165 -0.238875866 -0.117216870 0.963947952
1403636683563555584.000000 5.790771961 -1.567746997 8.024477005 -0.000864182 -0.241665751 -0.108136423 0.964314997
1403636685513555456.000000 5.038881302 -1.162481189 6.779067993 -0.007984378 -0.243697196 -0.118814304 0.962512910
1403636686313555456.000000 4.775277138 -0.909614503 6.241600037 -0.016292632 -0.244864792 -0.107064642 0.963490009
1403636687063555584.000000 4.524677277 -0.769653201 5.814087391 -0.013558247 -0.248832420 -0.103510335 0.962904096
1403636687763555584.000000 4.346327782 -0.642086864 5.499952316 -0.004663219 -0.254360437 -0.100521274 0.961859941
1403636688363555584.000000 4.254713058 -0.384035110 5.275635719 -0.004999106 -0.253181487 -0.109012209 0.961244226
1403636688913555456.000000 4.151027203 -0.147419736 5.055181026 -0.008106886 -0.255358845 -0.127694115 0.958342552
1403636689513555456.000000 3.957146168 -0.059611976 4.769195557 -0.024693632 -0.288365960 -0.123438023 0.949209332
1403636690413555456.000000 3.662477493 -0.171190798 4.622210026 -0.038799956 -0.282938093 -0.119251147 0.950904727
1403636691013555456.000000 3.523699045 -0.243692666 4.814098358 -0.009909193 -0.306147784 -0.047128849 0.950765073
1403636691463555584.000000 3.689358950 -0.326935291 5.012979507 0.018013185 -0.297097325 -0.098016389 0.949632347
1403636692413555456.000000 4.337979794 -0.664609253 5.150363922 -0.003550111 -0.293188572 -0.121536359 0.948291540
1403636693163555584.000000 4.744838715 -1.017594457 5.093279362 -0.012647447 -0.280115724 -0.144208834 0.948988438
1403636694513555456.000000 4.883959770 -1.241972923 5.275581360 -0.014281042 -0.294951499 -0.125001132 0.947192907
1403636696513555456.000000 4.960813522 -1.286907673 5.712839127 0.005842749 -0.276056409 -0.116640918 0.954019785
1403636699163555584.000000 4.349850178 -1.038861036 5.216272354 -0.015624273 0.035946880 -0.003429079 0.999225676
1403636700213555456.000000 4.194752216 -0.926385581 5.088135719 -0.005289953 0.228004396 0.075344764 0.970726132
1403636701213555456.000000 4.379319191 -0.602274776 4.979246140 -0.024041288 0.290659547 0.086935773 0.952565610
1403636702413555456.000000 4.734876633 -0.519285381 4.873527527 -0.012227854 0.376740277 0.111410029 0.919513524
1403636703563555584.000000 5.155884266 -0.225237429 5.031156540 -0.004170310 0.389299333 0.111173332 0.914368153
1403636704963555584.000000 5.763348103 -0.185320914 5.179942131 -0.050100386 0.372296333 0.114484198 0.919662297
1403636705663555584.000000 6.187034607 -0.215061188 5.540323257 -0.031957801 0.374279350 0.102036804 0.921130955
1403636706163555584.000000 6.496690750 -0.283958554 5.864207745 0.008460693 0.363932610 0.121177599 0.923470318
1403636706863555584.000000 6.914415359 -0.344803751 6.265106201 -0.028255368 0.371705234 0.095625944 0.922980249
1403636708363555584.000000 7.735317230 -0.821139812 7.402003288 0.002067144 0.367664099 0.118846662 0.922330916
1403636709513555456.000000 8.319470406 -0.964701056 8.131365776 -0.009798146 0.395784348 0.088997610 0.913968384
1403636711013555456.000000 8.363119125 -1.058882952 9.184052467 -0.001717476 0.288666904 0.060276065 0.955528796
1403636713363555584.000000 7.272652626 -1.519673586 9.387887001 0.009642716 0.204226270 0.038507853 0.978118539
1403636714813555456.000000 6.492993355 -1.500299573 8.657192230 -0.023843514 0.169933483 0.042186636 0.984263361
1403636717813555456.000000 6.018646240 -1.279494166 7.491096020 -0.004262408 -0.020365842 -0.055737976 0.998228610
1403636719863555584.000000 5.210564137 -0.750352561 6.607923508 -0.008353194 -0.160024434 -0.071281739 0.984500587
1403636723563555584.000000 5.040489197 -0.247004017 5.348452091 0.007374868 -0.004008185 -0.033664469 0.999397933
1403636728463555584.000000 4.580368996 -0.617956758 3.859450579 0.001363404 0.093122229 0.009547673 0.995607972
1403636730263555584.000000 4.050157070 -0.441326797 3.089205980 -0.013322482 0.026652081 -0.019052440 0.999374390
1403636733363555584.000000 3.623310328 -0.152506575 2.362614870 -0.000134256 0.022093186 -0.029279262 0.999327064
1403636735763555584.000000 2.869786501 -0.111570150 1.336009026 -0.017380236 0.023348764 -0.014398345 0.999472618
1403636741463555584.000000 2.644935608 0.350756317 1.041141272 -0.006645490 0.248423547 0.067595758 0.966267288
1403636744363555584.000000 3.147687435 0.992876589 1.674408317 0.006200241 0.290142685 0.081126325 0.953518391
1403636745763555584.000000 3.524885416 1.561494231 2.074969769 0.008377458 0.285282284 0.067870900 0.956000745
1403636749963555584.000000 3.411542654 0.574320018 2.419738293 0.020185726 0.328343987 0.074720576 0.941381752
1403636752363555584.000000 3.083834410 -0.241607890 1.994868279 -0.000563199 0.263384789 0.065977655 0.962431908
1403636757363555584.000000 1.197350502 -0.236916631 0.772390783 -0.001601692 -0.065196790 -0.054725297 0.996369421
1403636760163555584.000000 0.059517987 0.101790257 0.162259892 -0.029101659 -0.105451003 -0.059056748 0.992242634
1403636761763555584.000000 -0.061746802 0.288566411 0.112704180 -0.007710838 -0.111030176 -0.047273569 0.992662132
1403636762413555456.000000 -0.126975164 0.259707570 0.107347354 -0.037325159 -0.096309565 -0.076094404 0.991736352
1403636762613555456.000000 -0.169002071 0.279231906 0.126679316 -0.027131123 -0.112906128 -0.025903435 0.992897391
1403636762763555584.000000 -0.185962424 0.315212905 0.156187385 -0.013015837 -0.112887368 -0.027776210 0.993134201
1403636762863555584.000000 -0.187475756 0.331392407 0.170058057 0.020168602 -0.113982998 -0.027685277 0.992892027
1403636762913555456.000000 -0.180995136 0.330933124 0.164197266 0.031965751 -0.110255562 -0.033827901 0.992812932
1403636762963555584.000000 -0.175350904 0.334562004 0.162474647 0.002411653 -0.099627241 -0.049834024 0.993773222
1403636763013555456.000000 -0.171754897 0.345009863 0.173632011 -0.003787912 -0.090662114 -0.039033297 0.995109320
1403636763063555584.000000 -0.168413922 0.362753958 0.153477699 -0.004076817 -0.082629532 -0.025942912 0.996234298
1403636763113555456.000000 -0.163912922 0.386859953 0.153260574 0.006524973 -0.075289980 -0.018465370 0.996969342
1403636763213555456.000000 -0.158157542 0.355234832 0.145709097 0.010941248 -0.067218862 -0.011247220 0.997614861
1403636763313555456.000000 -0.149492994 0.345584303 0.153308630 0.004616101 -0.068616085 -0.008928414 0.997592509
